Common Name,Confidence,"Number of Instances, 60% Confidence","Number of Instances, 65% Confidence","Number of Instances, 70% Confidence","Number of Instances, 75% Confidence","Number of Instances, 80% Confidence","Number of Instances, 85% Confidence","Number of Instances, 90% Confidence","Number of Instances, 95% Confidence",Total Instances,Rare,List of Datetimes
Acadian Flycatcher,0.8542,0.0,0.0,0.0,0.0,0.0,1.0,0.0,0.0,TBD,no,"[['20250523_082102', 1]]"
Alder Flycatcher,0.9870,4.0,3.0,1.0,0.0,3.0,3.0,4.0,18.0,TBD,no,"[['20250525_071902', 1], ['20250528_081702', 1], ['20250529_071602', 1], ['20250530_061502', 4], ['20250601_061402', 3], ['20250601_081402', 3], ['20250605_061202', 3], ['20250605_071202', 4], ['20250605_081202', 14], ['20250611_051100', 1], ['20250617_071102', 1]]"
American Bittern,0.6942,,,,,,,,,NA,no,NA
American Crow,0.9948,0.0,0.0,0.0,0.0,23.0,41.0,116.0,1614.0,TBD,no,"[['20250515_052800', 5], ['20250515_062802', 2], ['20250516_052700', 35], ['20250516_072702', 36], ['20250516_082702', 4], ['20250517_052600', 48], ['20250517_062602', 79], ['20250517_082602', 61], ['20250518_052500', 98], ['20250518_062502', 73], ['20250518_072502', 4], ['20250519_052400', 4], ['20250519_062402', 1], ['20250520_052300', 45], ['20250521_052200', 15], ['20250522_052100', 119], ['20250522_072102', 7], ['20250523_052100', 76], ['20250523_082102', 15], ['20250524_052000', 36], ['20250524_062002', 3], ['20250524_072002', 184], ['20250524_082002', 3], ['20250525_051900', 7], ['20250525_061902', 1], ['20250526_051800', 86], ['20250526_061802', 114], ['20250527_051700', 15], ['20250528_051700', 16], ['20250529_051600', 58], ['20250530_051500', 13], ['20250531_051500', 2], ['20250601_051400', 8], ['20250601_071402', 18], ['20250601_203700', 1], ['20250603_051300', 29], ['20250603_061302', 5], ['20250603_071302', 56], ['20250603_081302', 135], ['20250604_051300', 10], ['20250605_061202', 3], ['20250606_051200', 3], ['20250606_061202', 2], ['20250606_071202', 27], ['20250607_051200', 34], ['20250607_061202', 2], ['20250608_051100', 24], ['20250610_051100', 42], ['20250611_061102', 1], ['20250613_051100', 16], ['20250613_081102', 1], ['20250613_204500', 4], ['20250614_061002', 4], ['20250615_051000', 2], ['20250615_061002', 1], ['20250616_051000', 8], ['20250616_204700', 1], ['20250625_051200', 11], ['20250626_051300', 16], ['20250626_204800', 5], ['20250627_051300', 60]]"
American Goldfinch,0.8895,0.0,0.0,0.0,0.0,0.0,4.0,7.0,35.0,TBD,no,"[['20250515_052800', 1], ['20250515_062802', 1], ['20250515_072802', 1], ['20250522_082102', 1], ['20250523_072102', 2], ['20250524_052000', 3], ['20250524_062002', 2], ['20250525_071902', 2], ['20250525_081902', 3], ['20250526_051800', 3], ['20250526_061802', 2], ['20250526_071802', 1], ['20250526_081802', 1], ['20250529_071602', 1], ['20250602_061402', 1], ['20250604_051300', 1], ['20250604_061302', 3], ['20250604_071302', 3], ['20250604_081302', 1], ['20250605_071202', 1], ['20250605_081202', 1], ['20250610_061102', 1], ['20250610_081102', 1], ['20250611_061102', 5], ['20250611_071102', 1], ['20250617_071102', 1], ['20250617_081102', 2]]"
American Kestrel,0.6324,0.0,0.0,1.0,0.0,0.0,0.0,1.0,1.0,TBD,no,"[['20250521_072202', 1], ['20250606_204100', 1], ['20250624_081202', 1]]"
American Redstart,0.4271,0.0,0.0,0.0,0.0,0.0,0.0,4.0,4.0,TBD,no,"[['20250515_062802', 1], ['20250518_082502', 2], ['20250519_072402', 1], ['20250526_071802', 1], ['20250605_081202', 1], ['20250613_081102', 1], ['20250623_061202', 1]]"
American Robin,0.9877,0.0,0.0,0.0,0.0,0.0,0.0,1105.0,4264.0,TBD,no,"[['20250515_052800', 6], ['20250515_072802', 2], ['20250516_052700', 25], ['20250516_062702', 20], ['20250516_072702', 9], ['20250516_082702', 7], ['20250517_052600', 2], ['20250517_082602', 1], ['20250518_052500', 1], ['20250520_062302', 4], ['20250520_082302', 1], ['20250521_052200', 23], ['20250521_062202', 10], ['20250521_072202', 3], ['20250522_052100', 2], ['20250524_072002', 3], ['20250524_082002', 2], ['20250525_051900', 2], ['20250525_061902', 1], ['20250525_081902', 1], ['20250526_051800', 1], ['20250527_051700', 5], ['20250528_051700', 9], ['20250528_061702', 1], ['20250528_071702', 2], ['20250528_081702', 6], ['20250529_051600', 8], ['20250529_061602', 4], ['20250529_071602', 1], ['20250529_081602', 1], ['20250530_061502', 1], ['20250530_071502', 1], ['20250530_081502', 3], ['20250531_061502', 3], ['20250601_051400', 1], ['20250601_061402', 7], ['20250601_071402', 2], ['20250601_203700', 81], ['20250602_051400', 6], ['20250602_061402', 2], ['20250602_203800', 1], ['20250603_071302', 4], ['20250603_203900', 35], ['20250604_051300', 1], ['20250604_061302', 1], ['20250604_071302', 3], ['20250604_081302', 45], ['20250604_204000', 103], ['20250605_051200', 31], ['20250605_061202', 2], ['20250605_071202', 1], ['20250605_081202', 1], ['20250605_204000', 4], ['20250606_051200', 11], ['20250606_061202', 45], ['20250606_071202', 14], ['20250606_081202', 6], ['20250606_204100', 23], ['20250607_051200', 3], ['20250607_061202', 2], ['20250607_071202', 96], ['20250607_081202', 16], ['20250607_204200', 48], ['20250608_051100', 41], ['20250608_061102', 10], ['20250608_071102', 201], ['20250608_081102', 59], ['20250608_204300', 21], ['20250609_051100', 9], ['20250609_061102', 55], ['20250609_071102', 59], ['20250609_204300', 8], ['20250610_051100', 29], ['20250610_061102', 322], ['20250610_071102', 22], ['20250610_081102', 9], ['20250610_204400', 21], ['20250611_051100', 35], ['20250611_061102', 242], ['20250611_071102', 381], ['20250611_081102', 62], ['20250611_204400', 61], ['20250612_051100', 1], ['20250612_061102', 18], ['20250612_204500', 1], ['20250613_051100', 62], ['20250613_061102', 50], ['20250613_071102', 199], ['20250613_081102', 77], ['20250613_204500', 2], ['20250614_051000', 1], ['20250614_061002', 161], ['20250614_071002', 254], ['20250614_081002', 269], ['20250614_204600', 2], ['20250615_051000', 12], ['20250615_061002', 20], ['20250615_071002', 94], ['20250615_081002', 1], ['20250615_204600', 13], ['20250616_051000', 1], ['20250616_204700', 115], ['20250617_051100', 18], ['20250617_061102', 4], ['20250617_071102', 3], ['20250617_081102', 1], ['20250617_204700', 152], ['20250618_051100', 18], ['20250618_061102', 172], ['20250618_071102', 157], ['20250618_081102', 42], ['20250618_204700', 176], ['20250619_051100', 10], ['20250619_061102', 6], ['20250619_071102', 13], ['20250619_081102', 4], ['20250619_204800', 3], ['20250620_051100', 5], ['20250620_061102', 3], ['20250620_071102', 6], ['20250620_081102', 27], ['20250620_204800', 7], ['20250621_061102', 1], ['20250621_081102', 1], ['20250621_204800', 1], ['20250622_204800', 1], ['20250623_051200', 2], ['20250623_071202', 2], ['20250623_081202', 23], ['20250623_204800', 149], ['20250623_214802', 1], ['20250624_051200', 11], ['20250624_061202', 12], ['20250624_071202', 8], ['20250624_081202', 13], ['20250624_204800', 110], ['20250625_051200', 38], ['20250625_061202', 78], ['20250625_071202', 9], ['20250625_081202', 70], ['20250625_204800', 36], ['20250626_051300', 66], ['20250626_061302', 1], ['20250626_081302', 48], ['20250626_204800', 77], ['20250627_051300', 6], ['20250627_061411', 12]]"
American Woodcock,0.7417,0.0,1.0,1.0,1.0,3.0,0.0,0.0,0.0,TBD,no,"[['20250517_072602', 1], ['20250527_081702', 1], ['20250528_081702', 1], ['20250614_081002', 1], ['20250624_081202', 1], ['20250625_071202', 1]]"
Bald Eagle,0.9154,0.0,0.0,0.0,1.0,0.0,0.0,0.0,0.0,TBD,no,"[['20250617_081102', 1]]"
Baltimore Oriole,0.9808,0.0,0.0,0.0,0.0,0.0,0.0,0.0,415.0,TBD,no,"[['20250515_052800', 4], ['20250515_062802', 9], ['20250515_082802', 3], ['20250516_052700', 1], ['20250516_072702', 2], ['20250516_082702', 1], ['20250518_062502', 2], ['20250518_072502', 3], ['20250519_052400', 1], ['20250519_062402', 7], ['20250519_072402', 4], ['20250521_062202', 3], ['20250522_052100', 3], ['20250523_052100', 1], ['20250523_062102', 1], ['20250523_082102', 5], ['20250524_052000', 2], ['20250524_062002', 7], ['20250524_072002', 5], ['20250524_082002', 5], ['20250525_081902', 1], ['20250526_051800', 2], ['20250526_061802', 1], ['20250526_071802', 1], ['20250526_081802', 2], ['20250527_051700', 4], ['20250527_061702', 2], ['20250527_071702', 56], ['20250527_081702', 61], ['20250528_071702', 8], ['20250529_081602', 3], ['20250531_051500', 1], ['20250531_071502', 3], ['20250531_081502', 1], ['20250601_051400', 2], ['20250601_081402', 1], ['20250602_051400', 1], ['20250602_061402', 5], ['20250602_071402', 1], ['20250604_071302', 5], ['20250604_081302', 3], ['20250605_051200', 2], ['20250605_071202', 5], ['20250605_081202', 8], ['20250606_061202', 1], ['20250606_081202', 1], ['20250606_204100', 1], ['20250607_051200', 1], ['20250607_081202', 1], ['20250607_204200', 1], ['20250608_071102', 3], ['20250608_081102', 2], ['20250608_204300', 1], ['20250609_061102', 1], ['20250609_071102', 2], ['20250610_061102', 1], ['20250610_071102', 2], ['20250610_081102', 1], ['20250611_051100', 3], ['20250611_061102', 4], ['20250611_071102', 8], ['20250611_081102', 9], ['20250613_051100', 1], ['20250613_071102', 1], ['20250613_081102', 3], ['20250613_204500', 13], ['20250614_061002', 6], ['20250614_081002', 11], ['20250615_051000', 5], ['20250615_071002', 2], ['20250615_204600', 2], ['20250616_204700', 1], ['20250617_051100', 3], ['20250617_204700', 1], ['20250618_051100', 2], ['20250618_061102', 2], ['20250618_071102', 1], ['20250618_081102', 2], ['20250621_071102', 1], ['20250622_204800', 1], ['20250623_061202', 1], ['20250623_081202', 3], ['20250624_204800', 58], ['20250625_051200', 2], ['20250625_071202', 1], ['20250626_081302', 1]]"
Barred Owl,0.9713,2.0,1.0,0.0,2.0,1.0,0.0,2.0,0.0,TBD,no,"[['20250521_052200', 1], ['20250524_052000', 2], ['20250524_082002', 2], ['20250609_214302', 1], ['20250615_051000', 1], ['20250620_071102', 1]]"
Bell's Vireo,0.6251,1.0,0.0,0.0,0.0,0.0,0.0,0.0,0.0,TBD,no,"[['20250604_051300', 1]]"
Belted Kingfisher,0.9933,7.0,11.0,10.0,4.0,5.0,2.0,0.0,0.0,TBD,no,"[['20250518_082502', 4], ['20250523_072102', 1], ['20250523_082102', 2], ['20250524_052000', 1], ['20250524_062002', 1], ['20250524_072002', 1], ['20250527_051700', 2], ['20250527_081702', 2], ['20250529_061602', 2], ['20250604_071302', 1], ['20250604_081302', 2], ['20250605_061202', 1], ['20250605_071202', 1], ['20250606_061202', 1], ['20250606_081202', 4], ['20250610_051100', 1], ['20250610_081102', 1], ['20250613_051100', 1], ['20250614_081002', 2], ['20250615_051000', 1], ['20250617_051100', 1], ['20250618_081102', 1], ['20250620_061102', 1], ['20250622_061102', 1], ['20250623_061202', 1], ['20250623_081202', 1], ['20250625_071202', 1]]"
Black-and-white Warbler,0.9716,0.0,2.0,2.0,0.0,2.0,0.0,4.0,11.0,TBD,no,"[['20250515_072802', 1], ['20250516_072702', 1], ['20250517_052600', 1], ['20250519_072402', 1], ['20250523_062102', 6], ['20250523_072102', 10], ['20250523_082102', 1]]"
Black-billed Cuckoo,0.9205,0.0,1.0,0.0,0.0,0.0,1.0,0.0,0.0,TBD,no,"[['20250615_061002', 1], ['20250624_051200', 1]]"
Black-capped Chickadee,0.9777,0.0,0.0,0.0,0.0,96.0,156.0,164.0,233.0,TBD,no,"[['20250515_052800', 4], ['20250515_072802', 1], ['20250515_082802', 2], ['20250517_052600', 1], ['20250518_062502', 2], ['20250518_072502', 1], ['20250518_082502', 3], ['20250519_052400', 2], ['20250519_062402', 1], ['20250519_082402', 1], ['20250523_052100', 2], ['20250523_072102', 1], ['20250523_082102', 1], ['20250524_052000', 8], ['20250524_062002', 4], ['20250524_072002', 1], ['20250524_082002', 1], ['20250525_051900', 23], ['20250525_061902', 1], ['20250525_071902', 8], ['20250525_081902', 4], ['20250526_051800', 7], ['20250526_061802', 6], ['20250527_051700', 13], ['20250527_061702', 15], ['20250527_071702', 1], ['20250527_081702', 3], ['20250528_061702', 2], ['20250528_071702', 1], ['20250528_081702', 2], ['20250529_051600', 1], ['20250529_061602', 8], ['20250529_071602', 12], ['20250529_081602', 75], ['20250531_051500', 3], ['20250531_061502', 6], ['20250601_051400', 3], ['20250601_061402', 5], ['20250601_071402', 2], ['20250601_081402', 7], ['20250602_051400', 1], ['20250604_051300', 2], ['20250604_071302', 4], ['20250604_081302', 2], ['20250605_051200', 15], ['20250605_061202', 1], ['20250605_071202', 33], ['20250605_081202', 79], ['20250606_051200', 46], ['20250606_071202', 1], ['20250606_081202', 2], ['20250606_204100', 88], ['20250607_051200', 6], ['20250607_204200', 4], ['20250608_051100', 1], ['20250608_061102', 3], ['20250608_081102', 2], ['20250608_204300', 12], ['20250609_071102', 12], ['20250610_071102', 2], ['20250610_081102', 42], ['20250611_051100', 1], ['20250611_061102', 2], ['20250612_051100', 1], ['20250612_061102', 1], ['20250613_061102', 1], ['20250615_051000', 3], ['20250615_071002', 2], ['20250615_081002', 1], ['20250617_061102', 2], ['20250617_071102', 8], ['20250617_081102', 1], ['20250617_214702', 1], ['20250618_081102', 1], ['20250619_061102', 11], ['20250619_071102', 1], ['20250620_081102', 2], ['20250623_071202', 2], ['20250623_081202', 4], ['20250623_214802', 1], ['20250625_071202', 1]]"
Black-crowned Night-Heron,0.9575,0.0,0.0,0.0,0.0,1.0,0.0,0.0,0.0,TBD,no,"[['20250617_204700', 1]]"
Black-throated Blue Warbler,0.2748,,,,,,,,,NA,no,NA
Black-throated Green Warbler,0.6409,,,,,,,,,NA,no,NA
Blackburnian Warbler,0.4860,,,,,,,,,NA,no,NA
Blackpoll Warbler,0.4676,0.0,0.0,0.0,0.0,1.0,3.0,2.0,0.0,TBD,no,"[['20250515_072802', 1], ['20250516_072702', 1], ['20250518_072502', 1], ['20250518_082502', 1], ['20250620_051100', 1], ['20250625_071202', 1]]"
Blue Jay,0.9944,0.0,0.0,0.0,0.0,30.0,96.0,172.0,4432.0,TBD,no,"[['20250515_052800', 3], ['20250515_062802', 1], ['20250515_072802', 2], ['20250515_082802', 2], ['20250516_052700', 1], ['20250516_072702', 8], ['20250517_052600', 3], ['20250517_072602', 5], ['20250517_082602', 5], ['20250518_052500', 13], ['20250518_062502', 115], ['20250518_072502', 2], ['20250518_082502', 2], ['20250519_052400', 2], ['20250519_062402', 1], ['20250519_072402', 5], ['20250519_082402', 4], ['20250521_052200', 2], ['20250521_072202', 24], ['20250521_082202', 2], ['20250522_052100', 1], ['20250522_062102', 4], ['20250522_082102', 15], ['20250523_052100', 19], ['20250523_062102', 10], ['20250523_082102', 32], ['20250524_052000', 9], ['20250524_062002', 9], ['20250524_072002', 71], ['20250524_082002', 25], ['20250525_051900', 4], ['20250525_061902', 1], ['20250525_071902', 20], ['20250525_081902', 13], ['20250526_051800', 90], ['20250526_061802', 37], ['20250526_071802', 10], ['20250527_051700', 8], ['20250527_071702', 1], ['20250527_081702', 4], ['20250528_051700', 4], ['20250528_061702', 3], ['20250528_071702', 21], ['20250528_081702', 13], ['20250529_051600', 3], ['20250529_061602', 5], ['20250529_071602', 10], ['20250529_081602', 7], ['20250530_051500', 102], ['20250530_061502', 44], ['20250530_071502', 39], ['20250530_081502', 6], ['20250531_051500', 10], ['20250531_061502', 22], ['20250531_081502', 3], ['20250601_071402', 9], ['20250601_081402', 10], ['20250602_071402', 1], ['20250602_081402', 2], ['20250603_051300', 75], ['20250603_061302', 23], ['20250603_081302', 23], ['20250603_203900', 44], ['20250604_051300', 24], ['20250604_061302', 22], ['20250604_071302', 4], ['20250604_081302', 23], ['20250605_051200', 20], ['20250605_061202', 2], ['20250605_071202', 11], ['20250605_081202', 6], ['20250606_051200', 3], ['20250606_061202', 12], ['20250606_071202', 16], ['20250606_081202', 2], ['20250606_204100', 34], ['20250607_051200', 35], ['20250607_061202', 15], ['20250607_071202', 1], ['20250607_081202', 4], ['20250608_051100', 20], ['20250608_061102', 22], ['20250608_081102', 1], ['20250608_204300', 21], ['20250609_051100', 27], ['20250609_204300', 244], ['20250610_051100', 37], ['20250610_061102', 53], ['20250610_071102', 30], ['20250610_081102', 202], ['20250610_204400', 39], ['20250611_051100', 6], ['20250611_061102', 3], ['20250611_071102', 3], ['20250611_204400', 39], ['20250612_051100', 7], ['20250612_061102', 24], ['20250612_071102', 8], ['20250613_051100', 12], ['20250613_061102', 12], ['20250613_204500', 8], ['20250614_051000', 28], ['20250614_061002', 16], ['20250614_071002', 6], ['20250615_051000', 8], ['20250615_061002', 46], ['20250615_071002', 2], ['20250616_051000', 4], ['20250616_071002', 2], ['20250616_081002', 15], ['20250616_204700', 128], ['20250617_051100', 45], ['20250617_071102', 18], ['20250617_081102', 128], ['20250617_204700', 118], ['20250618_051100', 17], ['20250618_061102', 14], ['20250618_071102', 72], ['20250618_081102', 7], ['20250619_051100', 59], ['20250619_061102', 6], ['20250619_071102', 28], ['20250619_081102', 29], ['20250619_204800', 235], ['20250620_051100', 25], ['20250620_071102', 38], ['20250620_081102', 47], ['20250620_204800', 7], ['20250621_051100', 4], ['20250621_061102', 8], ['20250621_071102', 78], ['20250621_081102', 32], ['20250622_051100', 4], ['20250622_061102', 11], ['20250622_071102', 21], ['20250622_081102', 25], ['20250622_204800', 212], ['20250623_051200', 38], ['20250623_061202', 44], ['20250623_071202', 90], ['20250623_081202', 8], ['20250623_204800', 1], ['20250624_051200', 206], ['20250624_061202', 41], ['20250624_071202', 52], ['20250624_081202', 5], ['20250624_204800', 26], ['20250625_051200', 60], ['20250625_061202', 23], ['20250625_071202', 14], ['20250625_081202', 93], ['20250625_204800', 74], ['20250626_051300', 114], ['20250626_061302', 39], ['20250626_071302', 5], ['20250626_081302', 4], ['20250626_204800', 73], ['20250627_051300', 22], ['20250627_061411', 39]]"
Blue-gray Gnatcatcher,0.6100,0.0,0.0,0.0,0.0,0.0,0.0,3.0,2.0,TBD,no,"[['20250527_071702', 1], ['20250531_061502', 1], ['20250613_071102', 1], ['20250614_081002', 1], ['20250626_071302', 1]]"
Blue-headed Vireo,0.5689,,,,,,,,,NA,no,NA
Blue-winged Warbler,0.5006,1.0,1.0,1.0,0.0,0.0,0.0,0.0,0.0,TBD,no,"[['20250613_051100', 1], ['20250619_051100', 1], ['20250623_071202', 1]]"
Bobolink,0.2824,0.0,0.0,0.0,0.0,0.0,0.0,0.0,1.0,TBD,no,"[['20250515_072802', 1]]"
Broad-winged Hawk,0.5475,,,,,,,,,NA,no,NA
Brown Creeper,0.6284,,,,,,,,,NA,no,NA
Brown Thrasher,0.9723,2.0,15.0,6.0,2.0,5.0,6.0,10.0,6.0,TBD,no,"[['20250515_052800', 4], ['20250516_052700', 1], ['20250523_062102', 6], ['20250523_072102', 3], ['20250525_051900', 1], ['20250525_071902', 1], ['20250526_061802', 3], ['20250526_081802', 1], ['20250528_051700', 2], ['20250529_051600', 4], ['20250529_081602', 1], ['20250530_051500', 13], ['20250604_204000', 1], ['20250606_051200', 3], ['20250606_081202', 1], ['20250607_071202', 1], ['20250613_051100', 2], ['20250613_061102', 1], ['20250625_071202', 1], ['20250625_081202', 2]]"
Brown-headed Cowbird,0.9593,0.0,0.0,0.0,0.0,8.0,28.0,39.0,50.0,TBD,no,"[['20250515_052800', 1], ['20250515_072802', 2], ['20250515_082802', 1], ['20250516_052700', 1], ['20250518_052500', 3], ['20250518_062502', 5], ['20250518_072502', 2], ['20250518_082502', 8], ['20250519_062402', 4], ['20250519_072402', 13], ['20250521_062202', 2], ['20250522_052100', 1], ['20250523_072102', 5], ['20250523_082102', 5], ['20250524_052000', 2], ['20250524_062002', 5], ['20250524_072002', 3], ['20250524_082002', 10], ['20250525_061902', 2], ['20250525_071902', 7], ['20250525_081902', 1], ['20250526_051800', 2], ['20250526_071802', 1], ['20250526_081802', 2], ['20250527_071702', 3], ['20250527_081702', 4], ['20250528_061702', 1], ['20250528_071702', 2], ['20250529_051600', 2], ['20250530_061502', 2], ['20250602_061402', 1], ['20250602_071402', 1], ['20250604_061302', 2], ['20250604_071302', 4], ['20250604_081302', 2], ['20250606_071202', 1], ['20250606_081202', 4], ['20250607_071202', 1], ['20250609_071102', 4], ['20250616_061002', 1], ['20250619_081102', 2]]"
Canada Goose,0.9045,0.0,0.0,0.0,0.0,0.0,0.0,0.0,59.0,TBD,no,"[['20250522_072102', 3], ['20250526_081802', 11], ['20250601_081402', 18], ['20250602_051400', 1], ['20250602_061402', 1], ['20250602_071402', 4], ['20250607_061202', 7], ['20250607_071202', 5], ['20250607_081202', 3], ['20250608_061102', 1], ['20250608_204300', 2], ['20250608_214302', 2], ['20250609_204300', 1]]"
Canada Warbler,0.9990,2.0,3.0,5.0,5.0,1.0,1.0,3.0,16.0,TBD,no,"[['20250518_062502', 1], ['20250518_072502', 2], ['20250523_062102', 21], ['20250523_082102', 4], ['20250525_081902', 1], ['20250529_051600', 2], ['20250607_061202', 1], ['20250607_071202', 2], ['20250614_051000', 1], ['20250623_081202', 1]]"
Cedar Waxwing,0.9898,0.0,0.0,0.0,11.0,18.0,19.0,23.0,59.0,TBD,no,"[['20250523_062102', 2], ['20250524_082002', 2], ['20250525_051900', 3], ['20250525_061902', 1], ['20250526_071802', 1], ['20250529_051600', 4], ['20250529_061602', 36], ['20250529_081602', 4], ['20250530_051500', 8], ['20250530_061502', 5], ['20250530_071502', 2], ['20250531_051500', 3], ['20250531_061502', 1], ['20250531_081502', 5], ['20250601_061402', 2], ['20250601_081402', 3], ['20250602_051400', 1], ['20250604_061302', 6], ['20250604_071302', 17], ['20250605_051200', 1], ['20250605_071202', 3], ['20250605_081202', 1], ['20250606_071202', 4], ['20250606_081202', 1], ['20250607_051200', 2], ['20250613_071102', 1], ['20250617_071102', 1], ['20250618_051100', 1], ['20250619_051100', 1], ['20250619_071102', 2], ['20250623_061202', 1], ['20250626_061302', 2], ['20250626_081302', 1], ['20250627_051300', 2]]"
Chestnut-sided Warbler,0.2838,,,,,,,,,NA,no,NA
Chipping Sparrow,0.8998,0.0,0.0,15.0,19.0,21.0,25.0,23.0,72.0,TBD,no,"[['20250516_052700', 1], ['20250518_082502', 1], ['20250524_052000', 3], ['20250524_062002', 12], ['20250524_072002', 1], ['20250525_081902', 14], ['20250526_051800', 16], ['20250526_061802', 2], ['20250526_081802', 8], ['20250527_061702', 27], ['20250527_071702', 7], ['20250527_081702', 30], ['20250528_051700', 2], ['20250528_061702', 1], ['20250529_061602', 1], ['20250529_071602', 1], ['20250529_081602', 14], ['20250530_071502', 1], ['20250531_051500', 3], ['20250531_061502', 2], ['20250601_051400', 2], ['20250601_061402', 2], ['20250601_071402', 5], ['20250601_081402', 16], ['20250605_081202', 2], ['20250608_061102', 1]]"
Cliff Swallow,0.8849,,,,,,,,,NA,no,NA
Common Grackle,0.9962,0.0,0.0,0.0,0.0,215.0,606.0,718.0,2175.0,TBD,no,"[['20250517_062602', 2], ['20250517_072602', 1], ['20250518_062502', 2], ['20250518_072502', 13], ['20250518_082502', 9], ['20250519_082402', 1], ['20250521_062202', 1], ['20250523_052100', 6], ['20250523_062102', 8], ['20250523_072102', 1], ['20250523_082102', 5], ['20250524_052000', 3], ['20250524_062002', 1], ['20250524_072002', 14], ['20250524_082002', 9], ['20250525_051900', 2], ['20250525_061902', 3], ['20250525_071902', 10], ['20250525_081902', 19], ['20250526_051800', 1], ['20250526_061802', 53], ['20250526_071802', 10], ['20250526_081802', 2], ['20250527_051700', 5], ['20250527_061702', 2], ['20250527_071702', 4], ['20250527_081702', 4], ['20250528_071702', 2], ['20250528_081702', 7], ['20250529_061602', 8], ['20250529_071602', 2], ['20250529_081602', 7], ['20250530_051500', 3], ['20250530_061502', 4], ['20250530_071502', 3], ['20250530_081502', 72], ['20250531_051500', 20], ['20250601_051400', 15], ['20250601_061402', 27], ['20250601_071402', 53], ['20250601_081402', 49], ['20250601_203700', 77], ['20250602_051400', 4], ['20250602_071402', 5], ['20250602_081402', 5], ['20250603_071302', 1], ['20250604_051300', 1], ['20250604_061302', 6], ['20250604_071302', 17], ['20250604_081302', 10], ['20250605_051200', 6], ['20250605_071202', 2], ['20250605_081202', 5], ['20250606_051200', 15], ['20250606_061202', 192], ['20250606_071202', 17], ['20250606_081202', 5], ['20250607_051200', 13], ['20250607_061202', 1], ['20250607_081202', 2], ['20250608_051100', 79], ['20250608_061102', 24], ['20250608_081102', 2], ['20250609_061102', 3], ['20250609_081102', 2], ['20250609_204300', 5], ['20250610_051100', 4], ['20250610_061102', 4], ['20250610_071102', 1], ['20250610_081102', 1], ['20250611_051100', 4], ['20250611_061102', 7], ['20250611_071102', 2], ['20250612_051100', 1], ['20250612_061102', 7], ['20250613_051100', 42], ['20250613_061102', 7], ['20250613_071102', 1], ['20250613_204500', 118], ['20250614_061002', 3], ['20250614_071002', 9], ['20250614_081002', 4], ['20250614_204600', 208], ['20250615_051000', 36], ['20250615_061002', 31], ['20250615_071002', 12], ['20250615_081002', 7], ['20250616_051000', 1], ['20250616_204700', 100], ['20250617_051100', 12], ['20250617_071102', 7], ['20250617_081102', 98], ['20250617_204700', 15], ['20250618_051100', 40], ['20250618_061102', 3], ['20250618_071102', 1], ['20250618_081102', 2], ['20250618_204700', 9], ['20250619_051100', 95], ['20250619_061102', 61], ['20250619_071102', 39], ['20250619_081102', 193], ['20250619_204800', 23], ['20250620_051100', 69], ['20250620_061102', 12], ['20250620_081102', 21], ['20250620_204800', 17], ['20250621_051100', 1], ['20250621_061102', 40], ['20250621_071102', 12], ['20250621_081102', 12], ['20250621_204800', 12], ['20250622_051100', 19], ['20250622_061102', 14], ['20250622_071102', 4], ['20250622_081102', 4], ['20250622_204800', 86], ['20250623_051200', 13], ['20250623_061202', 3], ['20250623_071202', 131], ['20250623_081202', 3], ['20250623_204800', 14], ['20250624_051200', 138], ['20250624_061202', 51], ['20250624_071202', 50], ['20250624_081202', 36], ['20250624_204800', 252], ['20250625_051200', 14], ['20250625_061202', 11], ['20250625_071202', 113], ['20250625_081202', 9], ['20250625_204800', 131], ['20250626_051300', 65], ['20250626_061302', 71], ['20250626_071302', 7], ['20250626_081302', 6], ['20250626_204800', 91], ['20250627_051300', 10], ['20250627_061411', 2]]"
Common Loon,0.4367,,,,,,,,,NA,no,NA
Common Nighthawk,0.9337,1.0,0.0,0.0,1.0,1.0,1.0,0.0,0.0,TBD,no,"[['20250619_204800', 1], ['20250623_071202', 1], ['20250624_081202', 1], ['20250627_061411', 1]]"
Common Raven,0.7715,0.0,0.0,0.0,0.0,3.0,0.0,0.0,0.0,TBD,no,"[['20250518_062502', 1], ['20250616_204700', 1], ['20250620_214802', 1]]"
Common Yellowthroat,0.9447,0.0,0.0,0.0,0.0,0.0,0.0,0.0,76.0,TBD,no,"[['20250518_062502', 6], ['20250518_072502', 10], ['20250518_082502', 5], ['20250523_052100', 1], ['20250523_062102', 1], ['20250523_072102', 1], ['20250527_061702', 2], ['20250527_071702', 3], ['20250527_081702', 4], ['20250529_051600', 1], ['20250529_071602', 3], ['20250529_081602', 1], ['20250601_071402', 2], ['20250601_081402', 1], ['20250605_081202', 1], ['20250606_081202', 1], ['20250613_071102', 1], ['20250613_081102', 1], ['20250614_061002', 1], ['20250615_081002', 1], ['20250617_051100', 2], ['20250617_061102', 2], ['20250617_071102', 10], ['20250617_081102', 4], ['20250617_214702', 2], ['20250618_071102', 4], ['20250618_081102', 2], ['20250619_051100', 1], ['20250623_081202', 1], ['20250623_214802', 1]]"
Connecticut Warbler,0.9679,0.0,0.0,1.0,0.0,1.0,0.0,1.0,0.0,TBD,no,"[['20250601_071402', 1], ['20250617_071102', 1], ['20250625_071202', 1]]"
Cooper's Hawk,0.8413,0.0,1.0,0.0,1.0,3.0,0.0,0.0,0.0,TBD,no,"[['20250601_081402', 1], ['20250606_204100', 1], ['20250617_204700', 1], ['20250619_204800', 1], ['20250624_051200', 1]]"
Downy Woodpecker,0.8725,0.0,0.0,6.0,19.0,16.0,17.0,9.0,9.0,TBD,no,"[['20250515_082802', 1], ['20250521_062202', 1], ['20250604_081302', 2], ['20250605_061202', 3], ['20250606_051200', 1], ['20250606_061202', 2], ['20250606_071202', 5], ['20250606_081202', 2], ['20250610_051100', 3], ['20250610_061102', 1], ['20250611_061102', 1], ['20250611_071102', 3], ['20250611_081102', 3], ['20250611_204400', 3], ['20250612_061102', 2], ['20250614_071002', 1], ['20250614_081002', 2], ['20250615_051000', 1], ['20250615_071002', 6], ['20250615_204600', 3], ['20250617_051100', 1], ['20250617_061102', 4], ['20250617_071102', 4], ['20250617_081102', 4], ['20250618_071102', 1], ['20250618_081102', 2], ['20250619_051100', 1], ['20250619_071102', 1], ['20250621_061102', 1], ['20250621_071102', 2], ['20250623_051200', 1], ['20250623_071202', 1], ['20250623_081202', 1], ['20250624_051200', 1], ['20250624_081202', 1], ['20250625_061202', 2], ['20250625_071202', 1], ['20250625_081202', 1]]"
Eastern Bluebird,0.9720,2.0,5.0,8.0,5.0,3.0,5.0,9.0,11.0,TBD,no,"[['20250515_082802', 1], ['20250516_052700', 1], ['20250516_062702', 3], ['20250516_072702', 6], ['20250516_082702', 2], ['20250519_052400', 1], ['20250521_052200', 3], ['20250521_062202', 2], ['20250521_072202', 3], ['20250523_082102', 1], ['20250525_081902', 1], ['20250601_203700', 1], ['20250605_071202', 1], ['20250606_204100', 1], ['20250607_071202', 1], ['20250608_081102', 2], ['20250609_061102', 1], ['20250609_071102', 2], ['20250610_204400', 2], ['20250611_061102', 1], ['20250614_061002', 2], ['20250614_071002', 3], ['20250617_204700', 1], ['20250618_204700', 1], ['20250619_081102', 1], ['20250622_051100', 1], ['20250623_061202', 1], ['20250623_081202', 1], ['20250624_081202', 1]]"
Eastern Kingbird,0.9971,0.0,0.0,0.0,0.0,111.0,225.0,272.0,345.0,TBD,no,"[['20250515_052800', 1], ['20250515_062802', 52], ['20250518_052500', 6], ['20250523_052100', 6], ['20250523_062102', 1], ['20250523_072102', 16], ['20250524_052000', 2], ['20250524_062002', 1], ['20250524_072002', 1], ['20250525_051900', 2], ['20250525_061902', 4], ['20250525_071902', 7], ['20250526_051800', 8], ['20250526_061802', 5], ['20250526_071802', 10], ['20250527_051700', 16], ['20250527_061702', 6], ['20250529_061602', 5], ['20250529_071602', 5], ['20250530_081502', 1], ['20250531_061502', 12], ['20250601_051400', 3], ['20250601_061402', 10], ['20250601_071402', 10], ['20250601_081402', 26], ['20250602_081402', 7], ['20250603_203900', 1], ['20250604_061302', 12], ['20250604_071302', 17], ['20250604_081302', 8], ['20250604_204000', 19], ['20250605_051200', 4], ['20250605_061202', 3], ['20250605_071202', 5], ['20250605_081202', 4], ['20250606_051200', 11], ['20250606_061202', 10], ['20250606_071202', 4], ['20250606_081202', 3], ['20250606_204100', 13], ['20250607_051200', 4], ['20250607_081202', 2], ['20250607_204200', 46], ['20250608_051100', 5], ['20250608_061102', 50], ['20250608_081102', 8], ['20250608_204300', 44], ['20250609_204300', 28], ['20250610_071102', 5], ['20250610_081102', 6], ['20250610_204400', 95], ['20250611_051100', 10], ['20250611_061102', 12], ['20250611_071102', 7], ['20250611_204400', 5], ['20250612_051100', 3], ['20250613_051100', 1], ['20250613_081102', 1], ['20250614_071002', 2], ['20250614_081002', 2], ['20250615_081002', 2], ['20250616_204700', 3], ['20250617_061102', 3], ['20250617_071102', 1], ['20250618_051100', 3], ['20250618_071102', 1], ['20250619_051100', 15], ['20250619_061102', 4], ['20250619_081102', 2], ['20250619_204800', 1], ['20250621_061102', 66], ['20250621_204800', 1], ['20250622_051100', 1], ['20250622_071102', 1], ['20250623_051200', 7], ['20250623_061202', 135], ['20250623_071202', 16], ['20250623_081202', 3], ['20250624_061202', 1], ['20250624_071202', 1], ['20250624_081202', 1], ['20250624_204800', 1], ['20250625_051200', 1], ['20250625_071202', 9], ['20250626_051300', 1]]"
Eastern Meadowlark,0.2762,0.0,0.0,1.0,0.0,0.0,0.0,0.0,0.0,TBD,no,"[['20250522_072102', 1]]"
Eastern Phoebe,0.8893,0.0,1.0,1.0,1.0,1.0,1.0,0.0,0.0,TBD,no,"[['20250527_081702', 1], ['20250602_061402', 1], ['20250602_071402', 1], ['20250602_081402', 1], ['20250607_081202', 1]]"
Eastern Towhee,0.8883,0.0,0.0,0.0,0.0,0.0,4.0,34.0,20.0,TBD,no,"[['20250515_062802', 26], ['20250515_072802', 1], ['20250515_082802', 3], ['20250516_052700', 4], ['20250516_062702', 5], ['20250516_072702', 3], ['20250516_082702', 1], ['20250525_051900', 1], ['20250527_061702', 1], ['20250529_061602', 1], ['20250530_061502', 1], ['20250611_061102', 1], ['20250613_061102', 5], ['20250613_081102', 1], ['20250614_061002', 1], ['20250620_081102', 1], ['20250622_061102', 1], ['20250623_081202', 1]]"
Eastern Whip-poor-will,0.3312,0.0,0.0,0.0,0.0,0.0,0.0,1.0,0.0,TBD,no,"[['20250529_051600', 1]]"
Eastern Wood-Pewee,0.9964,0.0,0.0,0.0,0.0,0.0,0.0,0.0,1754.0,TBD,no,"[['20250523_052100', 2], ['20250524_052000', 20], ['20250524_062002', 1], ['20250525_051900', 1], ['20250525_081902', 1], ['20250526_051800', 110], ['20250526_061802', 176], ['20250526_071802', 170], ['20250526_081802', 2], ['20250529_051600', 14], ['20250529_061602', 16], ['20250529_071602', 2], ['20250529_081602', 43], ['20250530_051500', 5], ['20250530_061502', 10], ['20250530_071502', 10], ['20250602_051400', 130], ['20250602_061402', 189], ['20250602_071402', 316], ['20250602_081402', 220], ['20250605_061202', 51], ['20250605_071202', 191], ['20250605_081202', 59], ['20250607_071202', 1], ['20250609_081102', 1], ['20250610_051100', 1], ['20250611_051100', 6], ['20250611_061102', 3], ['20250611_081102', 2], ['20250627_061411', 1]]"
European Starling,0.4500,0.0,0.0,0.0,0.0,0.0,0.0,3.0,2.0,TBD,no,"[['20250530_081502', 1], ['20250604_071302', 1], ['20250619_071102', 1], ['20250619_081102', 1], ['20250625_081202', 1]]"
Field Sparrow,0.4116,0.0,0.0,0.0,0.0,0.0,0.0,0.0,2.0,TBD,no,"[['20250525_071902', 1], ['20250611_061102', 1]]"
Golden-crowned Kinglet,0.6118,,,,,,,,,1,yes,"[['20250625_204800', 1]]"
Golden-winged Warbler,0.4243,,,,,,,,,NA,no,NA
Grasshopper Sparrow,0.2815,,,,,,,,,NA,no,NA
Gray Catbird,0.9951,0.0,0.0,0.0,0.0,0.0,337.0,898.0,1819.0,TBD,no,"[['20250515_052800', 336], ['20250515_062802', 77], ['20250515_072802', 202], ['20250515_082802', 90], ['20250516_052700', 86], ['20250516_062702', 1], ['20250517_052600', 17], ['20250517_062602', 1], ['20250517_072602', 6], ['20250518_052500', 6], ['20250518_082502', 3], ['20250519_062402', 6], ['20250519_072402', 8], ['20250520_062302', 1], ['20250521_072202', 1], ['20250521_082202', 2], ['20250522_052100', 2], ['20250522_072102', 2], ['20250522_082102', 1], ['20250523_052100', 11], ['20250523_062102', 14], ['20250523_072102', 31], ['20250523_082102', 4], ['20250524_052000', 10], ['20250524_062002', 40], ['20250524_072002', 12], ['20250524_082002', 23], ['20250525_051900', 33], ['20250525_061902', 37], ['20250525_071902', 26], ['20250525_081902', 22], ['20250526_051800', 34], ['20250526_061802', 41], ['20250526_071802', 82], ['20250526_081802', 44], ['20250527_051700', 6], ['20250527_081702', 1], ['20250528_051700', 2], ['20250528_061702', 6], ['20250528_081702', 11], ['20250529_051600', 29], ['20250529_061602', 18], ['20250529_071602', 36], ['20250529_081602', 9], ['20250530_051500', 15], ['20250530_061502', 2], ['20250530_081502', 40], ['20250531_051500', 14], ['20250531_061502', 49], ['20250531_071502', 2], ['20250531_081502', 29], ['20250601_051400', 5], ['20250601_061402', 3], ['20250601_071402', 3], ['20250601_203700', 21], ['20250602_051400', 3], ['20250602_061402', 24], ['20250602_071402', 13], ['20250602_081402', 11], ['20250603_203900', 32], ['20250604_051300', 69], ['20250604_061302', 30], ['20250604_071302', 62], ['20250604_081302', 52], ['20250604_204000', 108], ['20250605_051200', 53], ['20250605_061202', 13], ['20250605_071202', 14], ['20250605_081202', 10], ['20250606_051200', 8], ['20250606_061202', 44], ['20250606_071202', 94], ['20250606_081202', 19], ['20250606_204100', 11], ['20250607_051200', 56], ['20250607_061202', 51], ['20250607_071202', 85], ['20250607_081202', 40], ['20250607_204200', 9], ['20250608_051100', 4], ['20250608_061102', 2], ['20250608_071102', 13], ['20250608_081102', 1], ['20250610_051100', 10], ['20250610_061102', 18], ['20250610_071102', 6], ['20250610_081102', 2], ['20250611_051100', 40], ['20250611_061102', 2], ['20250611_071102', 15], ['20250611_081102', 34], ['20250612_051100', 20], ['20250612_061102', 56], ['20250613_051100', 66], ['20250613_061102', 41], ['20250613_071102', 9], ['20250613_081102', 1], ['20250614_061002', 1], ['20250615_071002', 12], ['20250615_081002', 1], ['20250617_061102', 1], ['20250617_081102', 4], ['20250618_051100', 2], ['20250618_061102', 2], ['20250618_071102', 1], ['20250619_051100', 1], ['20250619_081102', 7], ['20250624_051200', 3], ['20250624_204800', 19], ['20250625_051200', 11], ['20250625_061202', 17], ['20250625_071202', 16], ['20250625_081202', 41], ['20250626_051300', 4], ['20250626_061302', 15], ['20250626_071302', 22], ['20250626_081302', 4], ['20250626_204800', 1], ['20250627_051300', 2], ['20250627_061411', 3]]"
Gray Partridge,0.7262,,,,,,,,,NA,no,NA
Gray-cheeked Thrush,0.4890,,,,,,,,,NA,no,NA
Great Blue Heron,0.8742,0.0,0.0,0.0,0.0,0.0,1.0,3.0,0.0,TBD,no,"[['20250601_071402', 3], ['20250618_204700', 1]]"
Great Crested Flycatcher,0.9939,0.0,0.0,0.0,0.0,0.0,23.0,73.0,643.0,TBD,no,"[['20250516_062702', 4], ['20250516_072702', 2], ['20250517_052600', 3], ['20250517_072602', 2], ['20250518_062502', 13], ['20250521_062202', 1], ['20250524_082002', 1], ['20250525_071902', 1], ['20250529_061602', 24], ['20250529_081602', 6], ['20250530_061502', 8], ['20250530_071502', 1], ['20250531_081502', 1], ['20250602_081402', 2], ['20250605_061202', 47], ['20250608_081102', 1], ['20250608_204300', 1], ['20250611_051100', 11], ['20250611_061102', 66], ['20250611_071102', 67], ['20250611_081102', 128], ['20250612_051100', 28], ['20250612_061102', 45], ['20250612_071102', 1], ['20250612_081102', 1], ['20250613_051100', 12], ['20250613_061102', 75], ['20250613_071102', 44], ['20250613_081102', 132], ['20250614_051000', 1], ['20250614_071002', 1], ['20250614_081002', 1], ['20250617_061102', 1], ['20250618_204700', 1], ['20250622_051100', 1], ['20250622_081102', 4], ['20250627_061411', 1]]"
Great Horned Owl,0.8367,0.0,1.0,0.0,0.0,0.0,0.0,0.0,0.0,TBD,no,"[['20250621_081102', 1]]"
Green Heron,0.4313,0.0,0.0,0.0,0.0,1.0,0.0,0.0,0.0,TBD,no,"[['20250526_051800', 1]]"
Hairy Woodpecker,0.9861,0.0,0.0,0.0,18.0,18.0,18.0,15.0,73.0,TBD,no,"[['20250518_062502', 1], ['20250518_082502', 5], ['20250523_082102', 3], ['20250524_072002', 5], ['20250524_082002', 1], ['20250525_071902', 1], ['20250526_061802', 4], ['20250526_081802', 1], ['20250528_081702', 4], ['20250529_081602', 1], ['20250531_071502', 5], ['20250601_061402', 1], ['20250601_081402', 2], ['20250602_081402', 1], ['20250607_081202', 7], ['20250610_061102', 1], ['20250610_071102', 2], ['20250611_051100', 1], ['20250611_081102', 8], ['20250612_061102', 2], ['20250615_071002', 5], ['20250615_081002', 6], ['20250617_061102', 7], ['20250617_081102', 3], ['20250618_051100', 3], ['20250618_061102', 1], ['20250619_061102', 1], ['20250619_071102', 2], ['20250619_081102', 4], ['20250621_061102', 1], ['20250621_071102', 2], ['20250622_081102', 1], ['20250623_051200', 1], ['20250623_204800', 1], ['20250624_081202', 6], ['20250625_061202', 1], ['20250625_071202', 4], ['20250625_081202', 32], ['20250626_061302', 2], ['20250626_081302', 3]]"
Hooded Warbler,0.6563,,,,,,,,,NA,no,NA
House Finch,0.4307,,,,,,,,,NA,no,NA
House Sparrow,0.7273,0.0,0.0,0.0,0.0,0.0,0.0,15.0,7.0,TBD,no,"[['20250604_061302', 1], ['20250605_061202', 1], ['20250605_081202', 1], ['20250606_081202', 1], ['20250614_081002', 1], ['20250617_071102', 4], ['20250619_071102', 11], ['20250619_081102', 1], ['20250623_204800', 1]]"
House Wren,0.9977,0.0,0.0,0.0,0.0,0.0,0.0,0.0,9205.0,TBD,no,"[['20250515_052800', 15], ['20250515_062802', 10], ['20250515_072802', 17], ['20250516_052700', 8], ['20250516_082702', 4], ['20250517_052600', 14], ['20250517_062602', 28], ['20250517_072602', 5], ['20250518_052500', 161], ['20250518_062502', 61], ['20250518_072502', 76], ['20250518_082502', 139], ['20250519_052400', 85], ['20250519_062402', 34], ['20250519_072402', 41], ['20250521_062202', 7], ['20250521_082202', 3], ['20250522_052100', 19], ['20250522_062102', 20], ['20250522_072102', 22], ['20250522_082102', 28], ['20250523_052100', 181], ['20250523_062102', 254], ['20250523_072102', 232], ['20250523_082102', 244], ['20250524_052000', 119], ['20250524_062002', 100], ['20250524_072002', 107], ['20250524_082002', 77], ['20250525_051900', 24], ['20250525_061902', 68], ['20250525_071902', 139], ['20250525_081902', 177], ['20250526_051800', 10], ['20250526_061802', 84], ['20250526_071802', 145], ['20250526_081802', 77], ['20250527_051700', 121], ['20250527_061702', 196], ['20250527_071702', 342], ['20250527_081702', 300], ['20250528_051700', 42], ['20250528_061702', 91], ['20250528_071702', 16], ['20250528_081702', 83], ['20250529_051600', 112], ['20250529_061602', 231], ['20250529_071602', 164], ['20250529_081602', 47], ['20250530_051500', 81], ['20250530_061502', 140], ['20250530_071502', 138], ['20250530_081502', 4], ['20250531_051500', 125], ['20250531_061502', 168], ['20250531_071502', 132], ['20250531_081502', 61], ['20250601_051400', 223], ['20250601_061402', 172], ['20250601_071402', 174], ['20250601_081402', 132], ['20250601_203700', 5], ['20250602_051400', 74], ['20250602_061402', 201], ['20250602_071402', 180], ['20250602_081402', 208], ['20250603_081302', 1], ['20250603_203900', 14], ['20250604_051300', 115], ['20250604_061302', 60], ['20250604_071302', 11], ['20250604_081302', 13], ['20250604_204000', 1], ['20250605_051200', 75], ['20250605_061202', 46], ['20250605_071202', 40], ['20250605_081202', 10], ['20250606_051200', 33], ['20250606_061202', 38], ['20250606_071202', 49], ['20250606_081202', 37], ['20250606_204100', 2], ['20250607_051200', 60], ['20250607_061202', 5], ['20250607_071202', 38], ['20250607_081202', 60], ['20250607_204200', 11], ['20250608_051100', 7], ['20250608_061102', 5], ['20250608_071102', 5], ['20250608_081102', 4], ['20250608_204300', 5], ['20250609_051100', 5], ['20250609_071102', 8], ['20250609_081102', 23], ['20250610_051100', 37], ['20250610_061102', 24], ['20250610_071102', 34], ['20250610_081102', 48], ['20250611_051100', 21], ['20250611_061102', 51], ['20250611_071102', 50], ['20250611_081102', 70], ['20250612_051100', 27], ['20250612_061102', 36], ['20250612_081102', 4], ['20250613_051100', 57], ['20250613_061102', 11], ['20250613_071102', 11], ['20250613_081102', 10], ['20250614_051000', 119], ['20250614_061002', 10], ['20250614_071002', 13], ['20250614_081002', 24], ['20250615_051000', 35], ['20250615_061002', 4], ['20250615_071002', 21], ['20250615_081002', 35], ['20250616_051000', 27], ['20250617_051100', 32], ['20250617_061102', 129], ['20250617_071102', 68], ['20250617_081102', 37], ['20250618_051100', 13], ['20250618_061102', 2], ['20250618_071102', 6], ['20250618_081102', 38], ['20250619_051100', 27], ['20250619_061102', 69], ['20250619_071102', 59], ['20250619_081102', 17], ['20250620_081102', 1], ['20250621_061102', 7], ['20250621_071102', 17], ['20250622_071102', 5], ['20250623_051200', 25], ['20250623_061202', 50], ['20250623_071202', 70], ['20250623_081202', 51], ['20250624_051200', 2], ['20250624_061202', 3], ['20250624_071202', 5], ['20250624_081202', 20], ['20250625_051200', 20], ['20250625_061202', 32], ['20250625_071202', 12], ['20250625_081202', 8], ['20250626_061302', 2], ['20250626_071302', 17], ['20250627_061411', 3]]"
Indigo Bunting,0.8085,0.0,0.0,0.0,0.0,0.0,0.0,0.0,8.0,TBD,no,"[['20250530_061502', 1], ['20250531_081502', 6], ['20250613_061102', 1]]"
Killdeer,0.9710,0.0,0.0,0.0,0.0,1.0,2.0,2.0,6.0,TBD,no,"[['20250523_072102', 1], ['20250527_061702', 3], ['20250527_071702', 1], ['20250527_081702', 1], ['20250528_081702', 1], ['20250606_061202', 2], ['20250618_061102', 1], ['20250624_071202', 1]]"
Least Flycatcher,0.9828,0.0,0.0,0.0,20.0,57.0,78.0,90.0,476.0,TBD,no,"[['20250515_072802', 1], ['20250515_082802', 10], ['20250516_062702', 16], ['20250516_072702', 4], ['20250517_062602', 2], ['20250518_052500', 32], ['20250518_062502', 122], ['20250518_072502', 189], ['20250518_082502', 116], ['20250519_052400', 1], ['20250519_062402', 31], ['20250519_072402', 2], ['20250519_082402', 1], ['20250522_052100', 5], ['20250522_062102', 3], ['20250523_052100', 39], ['20250523_062102', 21], ['20250523_072102', 11], ['20250523_082102', 4], ['20250524_062002', 8], ['20250525_051900', 9], ['20250525_061902', 5], ['20250525_071902', 8], ['20250525_081902', 4], ['20250526_051800', 1], ['20250530_061502', 3], ['20250531_051500', 27], ['20250531_061502', 16], ['20250531_071502', 9], ['20250601_071402', 2], ['20250607_071202', 2], ['20250610_071102', 14], ['20250610_081102', 1], ['20250623_081202', 2]]"
Lincoln's Sparrow,0.2702,,,,,,,,,NA,no,NA
Magnolia Warbler,0.9264,10.0,17.0,16.0,12.0,14.0,11.0,15.0,0.0,TBD,no,"[['20250518_062502', 1], ['20250518_072502', 2], ['20250527_051700', 1], ['20250527_061702', 26], ['20250527_071702', 35], ['20250527_081702', 20], ['20250613_081102', 10]]"
Mallard,0.3666,0.0,1.0,5.0,3.0,1.0,0.0,0.0,0.0,TBD,no,"[['20250528_081702', 1], ['20250602_203800', 1], ['20250609_214302', 1], ['20250610_204400', 1], ['20250617_081102', 1], ['20250618_204700', 1], ['20250623_071202', 1], ['20250624_214802', 1], ['20250626_214802', 2]]"
Merlin,0.4146,,,,,,,,,NA,no,NA
Mourning Dove,0.9979,0.0,0.0,0.0,0.0,31.0,60.0,115.0,5195.0,TBD,no,"[['20250516_052700', 1], ['20250518_052500', 77], ['20250518_062502', 82], ['20250518_072502', 100], ['20250518_082502', 68], ['20250521_052200', 119], ['20250521_062202', 96], ['20250521_072202', 32], ['20250521_082202', 32], ['20250522_052100', 98], ['20250522_062102', 10], ['20250522_072102', 62], ['20250522_082102', 8], ['20250523_052100', 101], ['20250523_062102', 77], ['20250523_072102', 75], ['20250523_082102', 8], ['20250524_052000', 176], ['20250524_062002', 258], ['20250524_072002', 98], ['20250524_082002', 159], ['20250525_051900', 264], ['20250525_061902', 205], ['20250525_071902', 151], ['20250525_081902', 180], ['20250526_051800', 130], ['20250526_061802', 108], ['20250526_071802', 79], ['20250526_081802', 145], ['20250527_051700', 58], ['20250527_061702', 59], ['20250527_071702', 5], ['20250527_081702', 45], ['20250528_051700', 30], ['20250528_061702', 25], ['20250528_071702', 66], ['20250528_081702', 34], ['20250529_051600', 43], ['20250529_061602', 29], ['20250529_071602', 3], ['20250529_081602', 23], ['20250530_051500', 90], ['20250530_061502', 6], ['20250530_071502', 8], ['20250530_081502', 3], ['20250531_051500', 19], ['20250531_061502', 11], ['20250531_071502', 76], ['20250531_081502', 2], ['20250601_051400', 45], ['20250601_061402', 125], ['20250601_071402', 30], ['20250601_081402', 136], ['20250602_051400', 11], ['20250602_061402', 14], ['20250602_071402', 10], ['20250602_081402', 5], ['20250604_051300', 6], ['20250604_061302', 3], ['20250604_071302', 2], ['20250604_081302', 9], ['20250604_204000', 6], ['20250605_051200', 7], ['20250605_061202', 1], ['20250605_071202', 5], ['20250605_081202', 1], ['20250606_051200', 45], ['20250606_061202', 3], ['20250606_071202', 49], ['20250606_081202', 8], ['20250607_051200', 30], ['20250607_071202', 2], ['20250607_204200', 5], ['20250608_051100', 30], ['20250608_061102', 6], ['20250608_204300', 1], ['20250610_051100', 1], ['20250610_061102', 2], ['20250610_071102', 9], ['20250610_081102', 2], ['20250610_204400', 19], ['20250610_214402', 1], ['20250611_051100', 27], ['20250611_061102', 9], ['20250611_071102', 3], ['20250611_081102', 5], ['20250611_204400', 5], ['20250612_051100', 44], ['20250612_061102', 26], ['20250612_071102', 3], ['20250612_081102', 2], ['20250613_051100', 16], ['20250613_061102', 6], ['20250613_071102', 8], ['20250613_081102', 5], ['20250613_204500', 53], ['20250614_051000', 14], ['20250614_071002', 26], ['20250614_081002', 43], ['20250615_051000', 103], ['20250615_061002', 50], ['20250615_071002', 37], ['20250615_081002', 27], ['20250615_204600', 13], ['20250616_051000', 24], ['20250616_071002', 13], ['20250616_081002', 5], ['20250617_051100', 48], ['20250617_061102', 8], ['20250617_071102', 8], ['20250617_081102', 9], ['20250618_051100', 38], ['20250618_061102', 15], ['20250618_071102', 11], ['20250618_204700', 13], ['20250619_051100', 114], ['20250619_061102', 3], ['20250619_071102', 3], ['20250619_081102', 10], ['20250619_204800', 15], ['20250620_061102', 2], ['20250620_081102', 1], ['20250621_061102', 10], ['20250621_071102', 13], ['20250621_081102', 3], ['20250621_204800', 5], ['20250622_051100', 26], ['20250622_061102', 3], ['20250622_071102', 10], ['20250622_081102', 1], ['20250623_051200', 4], ['20250623_061202', 12], ['20250623_071202', 5], ['20250623_081202', 60], ['20250623_204800', 1], ['20250624_051200', 2], ['20250624_061202', 2], ['20250624_071202', 2], ['20250624_081202', 7], ['20250625_051200', 29], ['20250625_061202', 22], ['20250625_071202', 13], ['20250625_081202', 8], ['20250625_214802', 1], ['20250626_051300', 11], ['20250626_061302', 9], ['20250626_071302', 7], ['20250627_051300', 7]]"
Mourning Warbler,0.9189,1.0,1.0,1.0,2.0,2.0,1.0,0.0,0.0,TBD,no,"[['20250518_052500', 1], ['20250525_081902', 1], ['20250526_071802', 1], ['20250527_081702', 2], ['20250601_061402', 1], ['20250601_071402', 1], ['20250606_051200', 1]]"
Nashville Warbler,0.9679,3.0,1.0,0.0,2.0,4.0,3.0,1.0,10.0,TBD,no,"[['20250516_072702', 1], ['20250516_082702', 1], ['20250518_072502', 1], ['20250518_082502', 5], ['20250519_062402', 1], ['20250519_072402', 1], ['20250523_052100', 6], ['20250523_062102', 8]]"
Nelson's Sparrow,0.6542,,,,,,,,,NA,no,NA
Northern Bobwhite,0.6988,,,,,,,,,NA,no,NA
Northern Cardinal,0.9966,0.0,0.0,0.0,0.0,0.0,0.0,0.0,2769.0,TBD,no,"[['20250515_052800', 59], ['20250515_062802', 23], ['20250515_072802', 2], ['20250515_082802', 30], ['20250516_052700', 4], ['20250516_062702', 4], ['20250516_072702', 9], ['20250517_052600', 3], ['20250517_072602', 3], ['20250517_082602', 2], ['20250523_062102', 2], ['20250524_072002', 1], ['20250526_081802', 1], ['20250527_051700', 12], ['20250527_061702', 37], ['20250527_071702', 18], ['20250528_051700', 30], ['20250528_061702', 66], ['20250528_071702', 1], ['20250529_051600', 88], ['20250529_061602', 33], ['20250529_071602', 53], ['20250529_081602', 20], ['20250530_051500', 1], ['20250530_061502', 16], ['20250530_071502', 4], ['20250530_081502', 10], ['20250531_051500', 8], ['20250531_081502', 13], ['20250601_051400', 2], ['20250601_061402', 2], ['20250601_071402', 4], ['20250602_061402', 7], ['20250602_071402', 2], ['20250602_081402', 40], ['20250604_051300', 3], ['20250604_061302', 1], ['20250604_071302', 8], ['20250604_081302', 1], ['20250604_204000', 3], ['20250605_051200', 26], ['20250605_061202', 129], ['20250605_071202', 44], ['20250605_081202', 73], ['20250606_051200', 105], ['20250606_061202', 47], ['20250606_071202', 1], ['20250606_081202', 90], ['20250607_051200', 11], ['20250607_061202', 63], ['20250607_071202', 4], ['20250607_081202', 76], ['20250608_051100', 20], ['20250608_061102', 9], ['20250608_071102', 60], ['20250608_081102', 21], ['20250608_204300', 1], ['20250609_061102', 3], ['20250609_081102', 2], ['20250609_204300', 3], ['20250610_051100', 20], ['20250610_061102', 20], ['20250610_071102', 92], ['20250610_081102', 94], ['20250611_051100', 22], ['20250611_061102', 23], ['20250611_071102', 33], ['20250611_081102', 7], ['20250612_051100', 74], ['20250612_061102', 13], ['20250613_051100', 5], ['20250613_061102', 7], ['20250613_071102', 8], ['20250613_081102', 1], ['20250614_081002', 1], ['20250615_051000', 1], ['20250616_204700', 1], ['20250617_051100', 46], ['20250617_061102', 125], ['20250617_071102', 93], ['20250617_081102', 28], ['20250617_204700', 1], ['20250618_051100', 4], ['20250618_071102', 2], ['20250618_204700', 17], ['20250619_051100', 67], ['20250619_061102', 68], ['20250619_071102', 35], ['20250620_051100', 43], ['20250620_061102', 24], ['20250621_051100', 45], ['20250622_051100', 50], ['20250622_061102', 28], ['20250622_071102', 64], ['20250622_081102', 74], ['20250623_071202', 1], ['20250623_081202', 2], ['20250623_214802', 1], ['20250624_051200', 37], ['20250624_061202', 19], ['20250626_061302', 21], ['20250626_071302', 9], ['20250626_081302', 29]]"
Northern Flicker,0.9937,0.0,0.0,0.0,0.0,0.0,54.0,122.0,606.0,TBD,no,"[['20250522_082102', 1], ['20250523_052100', 9], ['20250524_062002', 8], ['20250524_072002', 16], ['20250524_082002', 1], ['20250525_051900', 4], ['20250525_061902', 5], ['20250525_071902', 9], ['20250526_061802', 27], ['20250527_061702', 11], ['20250527_071702', 3], ['20250528_071702', 1], ['20250528_081702', 18], ['20250529_071602', 14], ['20250529_081602', 3], ['20250530_061502', 4], ['20250530_081502', 5], ['20250531_061502', 3], ['20250531_071502', 3], ['20250601_051400', 3], ['20250601_061402', 11], ['20250601_081402', 5], ['20250601_203700', 4], ['20250602_051400', 8], ['20250602_061402', 2], ['20250602_071402', 9], ['20250603_203900', 2], ['20250604_061302', 1], ['20250604_081302', 1], ['20250605_061202', 11], ['20250605_071202', 2], ['20250605_204000', 3], ['20250606_061202', 3], ['20250606_071202', 2], ['20250606_081202', 4], ['20250607_061202', 1], ['20250607_071202', 2], ['20250607_204200', 1], ['20250608_071102', 1], ['20250608_204300', 1], ['20250609_204300', 1], ['20250611_051100', 1], ['20250611_071102', 8], ['20250613_071102', 2], ['20250613_081102', 1], ['20250614_061002', 11], ['20250614_081002', 1], ['20250615_061002', 62], ['20250617_081102', 2], ['20250617_204700', 2], ['20250618_071102', 2], ['20250618_204700', 2], ['20250623_081202', 1], ['20250623_204800', 2], ['20250624_061202', 2], ['20250624_081202', 7], ['20250625_204800', 1], ['20250626_051300', 29], ['20250626_061302', 176], ['20250626_071302', 116], ['20250626_081302', 62], ['20250627_051300', 2], ['20250627_061411', 67]]"
Northern Parula,0.3096,,,,,,,,,NA,no,NA
Northern Rough-winged Swallow,0.4274,,,,,,,,,NA,no,NA
Northern Waterthrush,0.5208,,,,,,,,,NA,no,NA
Olive-sided Flycatcher,0.5756,,,,,,,,,NA,no,NA
Orchard Oriole,0.9316,0.0,1.0,1.0,0.0,0.0,2.0,0.0,1.0,TBD,no,"[['20250515_062802', 1], ['20250517_052600', 1], ['20250526_051800', 3]]"
Osprey,0.6046,,,,,,,,,NA,no,NA
Ovenbird,0.9964,0.0,0.0,0.0,0.0,26.0,37.0,33.0,117.0,TBD,no,"[['20250519_052400', 1], ['20250523_072102', 1], ['20250523_082102', 3], ['20250524_062002', 2], ['20250525_071902', 2], ['20250525_081902', 4], ['20250526_081802', 1], ['20250527_051700', 1], ['20250527_061702', 5], ['20250527_071702', 6], ['20250527_081702', 5], ['20250529_051600', 32], ['20250529_061602', 2], ['20250529_071602', 3], ['20250529_081602', 19], ['20250530_061502', 2], ['20250531_061502', 1], ['20250531_071502', 1], ['20250601_061402', 2], ['20250601_071402', 1], ['20250602_061402', 1], ['20250602_071402', 2], ['20250602_081402', 2], ['20250603_071302', 1], ['20250603_081302', 1], ['20250603_213902', 1], ['20250604_071302', 1], ['20250604_081302', 1], ['20250605_071202', 1], ['20250606_071202', 1], ['20250606_204100', 3], ['20250607_071202', 2], ['20250608_061102', 1], ['20250608_214302', 1], ['20250610_081102', 1], ['20250611_051100', 1], ['20250611_081102', 3], ['20250611_204400', 1], ['20250612_071102', 5], ['20250612_081102', 11], ['20250614_061002', 1], ['20250615_071002', 3], ['20250615_081002', 13], ['20250615_214602', 1], ['20250617_051100', 1], ['20250617_061102', 5], ['20250617_071102', 2], ['20250617_081102', 4], ['20250617_214702', 2], ['20250618_081102', 6], ['20250619_061102', 4], ['20250619_071102', 5], ['20250619_081102', 1], ['20250619_204800', 2], ['20250621_061102', 1], ['20250621_071102', 2], ['20250623_071202', 3], ['20250623_081202', 3], ['20250623_204800', 1], ['20250623_214802', 1], ['20250624_071202', 2], ['20250625_061202', 1], ['20250625_204800', 1], ['20250625_214802', 10], ['20250626_214802', 3]]"
Palm Warbler,0.2673,,,,,,,,,NA,no,NA
Peregrine Falcon,0.3813,,,,,,,,,NA,no,NA
Pileated Woodpecker,0.9605,2.0,2.0,1.0,1.0,4.0,0.0,5.0,4.0,TBD,no,"[['20250521_082202', 1], ['20250530_071502', 3], ['20250604_071302', 1], ['20250607_204200', 1], ['20250609_204300', 1], ['20250610_204400', 2], ['20250611_204400', 1], ['20250614_061002', 1], ['20250614_071002', 1], ['20250615_051000', 1], ['20250616_204700', 2], ['20250617_071102', 1], ['20250619_204800', 2], ['20250625_204800', 1]]"
Pine Warbler,0.7052,1.0,4.0,2.0,2.0,0.0,0.0,0.0,0.0,TBD,no,"[['20250525_071902', 1], ['20250526_061802', 1], ['20250530_071502', 1], ['20250601_061402', 2], ['20250617_061102', 2], ['20250619_071102', 1], ['20250623_051200', 1]]"
Purple Finch,0.6784,,,,,,,,,NA,no,NA
Purple Martin,0.7973,0.0,0.0,0.0,0.0,0.0,1.0,0.0,0.0,TBD,no,"[['20250517_072602', 1]]"
Red-bellied Woodpecker,0.9640,0.0,0.0,0.0,0.0,0.0,95.0,52.0,20.0,TBD,no,"[['20250518_072502', 1], ['20250522_052100', 4], ['20250524_062002', 1], ['20250525_061902', 1], ['20250525_071902', 1], ['20250526_061802', 1], ['20250526_071802', 1], ['20250527_081702', 1], ['20250528_071702', 1], ['20250531_061502', 1], ['20250601_081402', 2], ['20250601_203700', 1], ['20250606_061202', 6], ['20250607_081202', 1], ['20250608_051100', 2], ['20250608_204300', 4], ['20250610_051100', 2], ['20250610_061102', 1], ['20250611_204400', 1], ['20250612_061102', 2], ['20250613_051100', 1], ['20250614_051000', 1], ['20250614_081002', 1], ['20250615_061002', 3], ['20250615_071002', 4], ['20250615_204600', 2], ['20250616_051000', 1], ['20250616_071002', 1], ['20250616_204700', 4], ['20250617_051100', 2], ['20250617_081102', 16], ['20250618_051100', 4], ['20250618_061102', 3], ['20250618_071102', 1], ['20250618_204700', 4], ['20250619_051100', 3], ['20250619_081102', 4], ['20250620_081102', 1], ['20250621_071102', 3], ['20250621_081102', 1], ['20250622_081102', 1], ['20250623_051200', 1], ['20250623_061202', 1], ['20250623_071202', 9], ['20250623_081202', 1], ['20250623_204800', 2], ['20250624_051200', 1], ['20250624_061202', 25], ['20250624_071202', 3], ['20250624_081202', 1], ['20250624_204800', 2], ['20250625_061202', 3], ['20250625_204800', 1], ['20250626_051300', 3], ['20250626_061302', 6], ['20250626_071302', 12]]"
Red-breasted Nuthatch,0.7606,,,,,,,,,NA,no,NA
Red-eyed Vireo,0.9545,5.0,3.0,4.0,3.0,5.0,11.0,13.0,807.0,TBD,no,"[['20250518_082502', 1], ['20250521_062202', 1], ['20250521_082202', 1], ['20250522_072102', 50], ['20250523_052100', 4], ['20250523_082102', 1], ['20250524_082002', 1], ['20250526_061802', 2], ['20250526_071802', 1], ['20250526_081802', 3], ['20250528_061702', 1], ['20250529_051600', 1], ['20250529_081602', 3], ['20250531_071502', 47], ['20250531_081502', 104], ['20250601_071402', 52], ['20250601_081402', 41], ['20250605_061202', 21], ['20250605_071202', 102], ['20250605_081202', 345], ['20250606_051200', 1], ['20250606_061202', 9], ['20250606_081202', 55], ['20250612_061102', 1], ['20250613_051100', 1], ['20250613_061102', 2]]"
Red-headed Woodpecker,0.9998,4.0,5.0,3.0,2.0,6.0,1.0,6.0,58.0,TBD,no,"[['20250518_072502', 9], ['20250524_062002', 3], ['20250525_081902', 1], ['20250604_061302', 34], ['20250605_081202', 1], ['20250611_071102', 33], ['20250618_071102', 2], ['20250620_061102', 1], ['20250624_071202', 1]]"
Red-shouldered Hawk,0.7072,1.0,0.0,1.0,1.0,0.0,0.0,0.0,0.0,TBD,no,"[['20250516_072702', 1], ['20250618_061102', 1], ['20250625_061202', 1]]"
Red-tailed Hawk,0.9157,0.0,0.0,0.0,0.0,1.0,0.0,0.0,0.0,TBD,no,"[['20250618_204700', 1]]"
Ring-billed Gull,0.7345,1.0,0.0,0.0,0.0,0.0,0.0,1.0,0.0,TBD,no,"[['20250522_072102', 1], ['20250522_082102', 1]]"
Ring-necked Pheasant,0.9867,0.0,0.0,0.0,0.0,1.0,3.0,4.0,7.0,TBD,no,"[['20250525_061902', 1], ['20250526_051800', 1], ['20250605_071202', 2], ['20250606_051200', 4], ['20250606_071202', 1], ['20250606_081202', 1], ['20250607_061202', 1], ['20250608_061102', 1], ['20250615_061002', 1], ['20250618_061102', 1], ['20250622_081102', 1]]"
Rose-breasted Grosbeak,0.9998,0.0,0.0,99.0,167.0,110.0,85.0,130.0,200.0,TBD,no,"[['20250515_052800', 11], ['20250515_062802', 2], ['20250515_072802', 5], ['20250515_082802', 1], ['20250516_052700', 19], ['20250516_062702', 3], ['20250523_052100', 1], ['20250523_062102', 20], ['20250523_072102', 1], ['20250524_052000', 33], ['20250524_082002', 1], ['20250526_061802', 1], ['20250528_051700', 5], ['20250529_051600', 3], ['20250530_081502', 1], ['20250601_051400', 2], ['20250602_051400', 2], ['20250602_071402', 1], ['20250603_203900', 1], ['20250604_051300', 1], ['20250604_061302', 57], ['20250604_071302', 150], ['20250604_081302', 207], ['20250604_204000', 1], ['20250605_051200', 5], ['20250605_061202', 1], ['20250606_051200', 2], ['20250606_061202', 3], ['20250607_051200', 1], ['20250607_071202', 4], ['20250607_081202', 2], ['20250608_071102', 26], ['20250608_081102', 3], ['20250609_061102', 2], ['20250609_071102', 3], ['20250610_051100', 6], ['20250610_061102', 13], ['20250610_071102', 1], ['20250611_051100', 6], ['20250611_061102', 19], ['20250611_071102', 16], ['20250611_081102', 4], ['20250612_051100', 3], ['20250613_051100', 6], ['20250613_061102', 2], ['20250613_071102', 5], ['20250613_081102', 13], ['20250614_061002', 6], ['20250614_071002', 13], ['20250614_081002', 5], ['20250615_071002', 2], ['20250617_051100', 3], ['20250617_061102', 1], ['20250617_204700', 2], ['20250618_051100', 3], ['20250618_061102', 24], ['20250618_071102', 8], ['20250618_204700', 5], ['20250619_051100', 1], ['20250619_081102', 1], ['20250620_051100', 1], ['20250622_081102', 1], ['20250623_081202', 2], ['20250623_204800', 2], ['20250624_051200', 8], ['20250624_081202', 1], ['20250625_051200', 2], ['20250625_061202', 4], ['20250625_071202', 1], ['20250625_081202', 7], ['20250626_051300', 1], ['20250626_081302', 12]]"
Ruby-throated Hummingbird,0.3807,0.0,0.0,1.0,2.0,1.0,0.0,0.0,0.0,TBD,no,"[['20250602_061402', 1], ['20250612_051100', 2], ['20250617_071102', 1]]"
Sandhill Crane,0.9461,5.0,5.0,9.0,5.0,7.0,4.0,7.0,8.0,TBD,no,"[['20250518_082502', 1], ['20250522_062102', 1], ['20250528_061702', 1], ['20250602_203800', 1], ['20250605_204000', 2], ['20250609_071102', 1], ['20250610_204400', 1], ['20250610_214402', 1], ['20250611_204400', 1], ['20250612_061102', 1], ['20250613_214502', 1], ['20250614_061002', 1], ['20250614_204600', 2], ['20250615_061002', 2], ['20250615_081002', 1], ['20250616_214702', 15], ['20250617_051100', 1], ['20250618_204700', 2], ['20250619_204800', 1], ['20250620_204800', 1], ['20250621_051100', 1], ['20250621_061102', 1], ['20250621_214802', 1], ['20250622_204800', 1], ['20250622_214802', 1], ['20250624_214802', 1], ['20250625_214802', 2], ['20250626_214802', 2], ['20250627_051300', 2]]"
Scarlet Tanager,0.7983,0.0,1.0,2.0,1.0,0.0,0.0,0.0,2.0,TBD,no,"[['20250531_061502', 1], ['20250605_061202', 1], ['20250613_081102', 1], ['20250613_204500', 1], ['20250624_081202', 1], ['20250627_051300', 1]]"
Solitary Sandpiper,0.5208,,,,,,,,,NA,no,NA
Song Sparrow,0.3098,0.0,0.0,0.0,0.0,0.0,0.0,0.0,1.0,TBD,no,"[['20250610_051100', 1]]"
Sora,0.4118,0.0,0.0,0.0,1.0,0.0,0.0,0.0,0.0,TBD,no,"[['20250614_071002', 1]]"
Spotted Sandpiper,0.8908,0.0,0.0,0.0,0.0,1.0,0.0,0.0,0.0,TBD,no,"[['20250611_214402', 1]]"
Swainson's Thrush,0.5113,2.0,0.0,1.0,0.0,1.0,1.0,0.0,0.0,TBD,no,"[['20250515_052800', 1], ['20250519_062402', 1], ['20250604_071302', 1], ['20250604_204000', 1], ['20250624_061202', 1]]"
Swamp Sparrow,0.3685,0.0,0.0,0.0,0.0,0.0,0.0,1.0,0.0,TBD,no,"[['20250607_071202', 1]]"
Tennessee Warbler,0.9969,0.0,0.0,0.0,0.0,0.0,41.0,107.0,1563.0,TBD,no,"[['20250515_052800', 36], ['20250515_062802', 209], ['20250515_072802', 250], ['20250515_082802', 139], ['20250516_052700', 108], ['20250516_062702', 37], ['20250516_072702', 67], ['20250516_082702', 74], ['20250517_052600', 1], ['20250517_062602', 41], ['20250517_072602', 4], ['20250517_082602', 33], ['20250518_052500', 46], ['20250518_062502', 6], ['20250518_072502', 240], ['20250518_082502', 112], ['20250519_052400', 89], ['20250519_062402', 30], ['20250519_072402', 117], ['20250519_082402', 3], ['20250520_062302', 14], ['20250520_082302', 15], ['20250525_081902', 1], ['20250527_061702', 4], ['20250531_081502', 35]]"
Trumpeter Swan,0.7063,,,,,,,,,NA,no,NA
Tufted Titmouse,0.7231,2.0,0.0,3.0,0.0,1.0,0.0,0.0,0.0,TBD,no,"[['20250523_082102', 1], ['20250527_081702', 1], ['20250528_051700', 1], ['20250529_061602', 1], ['20250617_204700', 1], ['20250625_204800', 1]]"
Veery,0.7560,0.0,0.0,0.0,0.0,23.0,26.0,20.0,13.0,TBD,no,"[['20250516_062702', 3], ['20250516_072702', 3], ['20250516_082702', 3], ['20250517_082602', 1], ['20250527_081702', 1], ['20250602_051400', 5], ['20250606_051200', 1], ['20250607_061202', 1], ['20250607_081202', 1], ['20250608_061102', 1], ['20250608_071102', 3], ['20250608_081102', 1], ['20250609_061102', 4], ['20250609_071102', 2], ['20250611_061102', 1], ['20250611_071102', 1], ['20250612_071102', 2], ['20250612_081102', 1], ['20250613_051100', 6], ['20250613_061102', 1], ['20250613_071102', 1], ['20250613_081102', 1], ['20250614_051000', 1], ['20250614_061002', 3], ['20250614_071002', 1], ['20250617_051100', 1], ['20250619_071102', 1], ['20250620_051100', 3], ['20250621_051100', 3], ['20250622_051100', 1], ['20250622_061102', 2], ['20250622_071102', 9], ['20250623_081202', 1], ['20250623_204800', 1], ['20250624_051200', 1], ['20250624_204800', 4], ['20250626_071302', 2], ['20250626_081302', 2], ['20250627_061411', 2]]"
Vesper Sparrow,0.9311,0.0,0.0,0.0,0.0,1.0,0.0,1.0,0.0,TBD,no,"[['20250525_061902', 1], ['20250618_081102', 1]]"
Virginia Rail,0.6806,0.0,0.0,0.0,1.0,0.0,0.0,0.0,0.0,TBD,no,"[['20250625_061202', 1]]"
Warbling Vireo,0.8125,0.0,0.0,0.0,0.0,0.0,0.0,0.0,13.0,TBD,no,"[['20250609_061102', 6], ['20250616_071002', 5], ['20250625_071202', 1], ['20250627_061411', 1]]"
Western Kingbird,0.6836,,,,,,,,,NA,no,NA
Western Meadowlark,0.3553,0.0,0.0,0.0,0.0,0.0,1.0,3.0,0.0,TBD,no,"[['20250516_082702', 1], ['20250521_082202', 1], ['20250522_072102', 2]]"
White-breasted Nuthatch,0.9482,0.0,0.0,0.0,0.0,0.0,0.0,0.0,26.0,TBD,no,"[['20250515_052800', 1], ['20250518_082502', 1], ['20250522_062102', 1], ['20250526_061802', 8], ['20250530_081502', 1], ['20250531_051500', 1], ['20250531_061502', 1], ['20250602_081402', 1], ['20250603_203900', 1], ['20250608_204300', 1], ['20250613_204500', 1], ['20250621_071102', 3], ['20250622_071102', 1], ['20250624_051200', 1], ['20250625_204800', 2], ['20250626_051300', 1]]"
White-eyed Vireo,0.5362,,,,,,,,,NA,no,NA
White-throated Sparrow,0.8287,,,,,,,,,2,yes,"[['20250605_061202', 1], ['20250606_051200', 1]]"
Wild Turkey,0.8766,7.0,10.0,4.0,3.0,3.0,3.0,6.0,6.0,TBD,no,"[['20250518_052500', 3], ['20250523_062102', 1], ['20250523_072102', 4], ['20250524_052000', 1], ['20250525_051900', 7], ['20250525_061902', 5], ['20250526_061802', 1], ['20250526_071802', 1], ['20250530_051500', 4], ['20250601_071402', 1], ['20250602_081402', 1], ['20250607_061202', 2], ['20250608_051100', 1], ['20250608_061102', 1], ['20250614_081002', 1], ['20250615_061002', 1], ['20250615_071002', 1], ['20250616_214702', 6]]"
Willow Flycatcher,0.9836,3.0,3.0,5.0,1.0,1.0,4.0,1.0,17.0,TBD,no,"[['20250518_062502', 1], ['20250518_072502', 13], ['20250518_082502', 1], ['20250522_062102', 4], ['20250523_052100', 1], ['20250523_072102', 1], ['20250525_081902', 1], ['20250530_061502', 12], ['20250607_081202', 1]]"
Wilson's Warbler,0.9806,8.0,15.0,17.0,10.0,12.0,16.0,18.0,3.0,TBD,no,"[['20250515_052800', 1], ['20250515_062802', 7], ['20250515_072802', 7], ['20250515_082802', 2], ['20250516_052700', 1], ['20250516_072702', 2], ['20250516_082702', 1], ['20250517_082602', 4], ['20250518_052500', 1], ['20250518_072502', 24], ['20250518_082502', 37], ['20250519_052400', 2], ['20250519_062402', 6], ['20250602_071402', 2], ['20250603_081302', 1], ['20250604_051300', 1]]"
Wood Duck,0.7222,0.0,1.0,1.0,0.0,0.0,0.0,1.0,2.0,TBD,no,"[['20250518_082502', 1], ['20250604_051300', 1], ['20250604_061302', 1], ['20250605_061202', 1], ['20250614_071002', 1]]"
Wood Thrush,0.9995,0.0,0.0,0.0,0.0,33.0,55.0,68.0,1155.0,TBD,no,"[['20250515_052800', 1], ['20250518_062502', 3], ['20250523_052100', 3], ['20250523_082102', 17], ['20250524_062002', 1], ['20250524_072002', 3], ['20250524_082002', 21], ['20250525_081902', 2], ['20250527_071702', 1], ['20250528_051700', 2], ['20250529_081602', 2], ['20250601_203700', 1], ['20250603_051300', 3], ['20250604_081302', 1], ['20250608_071102', 2], ['20250608_204300', 2], ['20250609_051100', 2], ['20250609_061102', 1], ['20250609_071102', 1], ['20250610_061102', 1], ['20250611_061102', 3], ['20250611_071102', 1], ['20250613_061102', 2], ['20250613_071102', 8], ['20250613_081102', 1], ['20250614_051000', 1], ['20250614_061002', 4], ['20250614_081002', 5], ['20250615_071002', 1], ['20250616_081002', 1], ['20250617_204700', 1], ['20250618_051100', 455], ['20250618_061102', 442], ['20250618_071102', 148], ['20250618_081102', 143], ['20250620_051100', 1], ['20250620_081102', 1], ['20250621_071102', 2], ['20250623_051200', 2], ['20250623_061202', 1], ['20250624_081202', 1], ['20250625_051200', 2], ['20250625_061202', 5], ['20250625_081202', 1], ['20250625_204800', 1], ['20250626_051300', 2], ['20250626_081302', 2], ['20250627_051300', 4]]"
Yellow Warbler,0.3275,0.0,0.0,0.0,0.0,0.0,0.0,2.0,0.0,TBD,no,"[['20250523_062102', 1], ['20250523_082102', 1]]"
Yellow-bellied Flycatcher,0.9859,1.0,2.0,2.0,5.0,3.0,5.0,0.0,0.0,TBD,no,"[['20250515_072802', 1], ['20250525_081902', 4], ['20250526_061802', 1], ['20250526_081802', 5], ['20250529_061602', 1], ['20250601_061402', 2], ['20250602_071402', 4]]"
Yellow-bellied Sapsucker,0.8789,6.0,6.0,8.0,3.0,2.0,2.0,3.0,6.0,TBD,no,"[['20250522_062102', 1], ['20250522_082102', 2], ['20250526_081802', 12], ['20250601_051400', 5], ['20250601_061402', 3], ['20250601_081402', 8], ['20250604_071302', 1], ['20250605_051200', 2], ['20250605_061202', 1], ['20250607_081202', 1]]"
Yellow-billed Cuckoo,0.4947,,,,,,,,,NA,no,NA
Yellow-breasted Chat,0.4191,,,,,,,,,NA,no,NA
Yellow-throated Vireo,0.8850,0.0,0.0,5.0,9.0,9.0,5.0,11.0,6.0,TBD,no,"[['20250521_082202', 5], ['20250522_072102', 1], ['20250526_061802', 1], ['20250531_051500', 1], ['20250531_061502', 1], ['20250531_081502', 5], ['20250601_071402', 4], ['20250601_081402', 2], ['20250602_051400', 1], ['20250605_061202', 1], ['20250605_081202', 2], ['20250606_071202', 2], ['20250606_081202', 3], ['20250607_061202', 1], ['20250607_071202', 4], ['20250610_051100', 1], ['20250610_061102', 1], ['20250610_071102', 1], ['20250610_081102', 1], ['20250611_051100', 3], ['20250612_051100', 1], ['20250618_051100', 1], ['20250627_051300', 2]]"
